200,5
200,4
200,3
200,2
200,1
200,0
197,4
197,3
197,2
197,1
197,0
195,3
195,2
195,1
195,0
194,3
194,2
194,1
194,0
193,3
193,2
193,1
193,0
192,3
10,150
192,2
192,1
192,0
191,3
10,118
191,2
191,1
191,0
190,3
10,84
190,2
190,1
190,0
189,3
10,134
189,2
189,1
189,0
188,3
10,94
188,2
188,1
188,0
187,3
10,28
187,2
187,1
187,0
186,3
10,246
10,198
186,2
186,1
186,0
185,3
11,8
11,16
11,26
11,12
11,20
185,2
185,1
185,0
184,3
11,6
11,2
11,3
184,2
184,1
184,0
183,3
9,6
9,4
183,2
183,1
183,0
182,3
8,9
8,8
8,7
8,18
8,13
0,539
182,2
182,1
182,0
181,3
181,2
181,1
181,0
180,3
180,2
180,1
179,3
179,1
178,3
178,1
177,3
177,1
174,3
174,1
173,3
173,1
20,3
20,2
20,1
19,3
19,2
19,1
12,3
12,2
12,1
11,29
11,28
11,27
11,25
11,24
11,23
